"site" "x" "y" "M1" "M2" "M3" "M4" "M5" "M6" "M7" "M8" "M9" "M10" "M11" "M12"
"102101A" 142.98295 -12.88045 0.127920871077631 0.22156356737394 0.308397540778259 0.222325999193847 0.0434217019256354 0.0146999785420624 0.00813881312221697 0.00451979862295009 0.00227215541821939 0.0014513099162352 0.00333574083711708 0.0419525231918866
"104001A" 143.394 -14.16875 0.13438663145011 0.308397307091369 0.322361686113334 0.158276877776171 0.0201835525767411 0.00495783779905402 0.00179116422194479 0.00045372498123483 0.000186387399174948 0.000480645260799258 0.00485280968418076 0.0436713756458859
"105102A" 144.48375 -15.6133 0.291605135823073 0.364008279707891 0.25559674508027 0.0321694363935601 0.00340569929085231 0.00246294038112223 0.000625259302074675 0.000333383562348287 0.00017445444546605 0.000477854234383591 0.00883976683065352 0.0403010449483047
"105105A" 145.01375 -15.77117 0.139868031509961 0.265461367260785 0.336038568859236 0.152307940670265 0.0368289139922706 0.0167796026401486 0.00976710357798028 0.00543914828430312 0.0034636604041672 0.00151238692211516 0.00380752497851925 0.028725750900249
"107001B" 145.0673 -15.42375 0.135047450975753 0.242941935598464 0.293749649618082 0.183131527105161 0.0544442731545983 0.0213043422174908 0.0124046025012269 0.00766158750133344 0.00432779265289831 0.00263905478704006 0.00876528395830715 0.0335824999296453
"108002A" 145.28186 -16.17875 0.0945349280287812 0.194691740913459 0.258237251832318 0.17940084055 0.074814840492177 0.048471682346435 0.0372439548496291 0.0268446097640963 0.0207115577933442 0.0149288648729618 0.016214899485884 0.0339048290709137
"112002A" 145.90801 -17.56449 0.113111006926478 0.231399291620079 0.201356943535937 0.143503571372718 0.0942158733705268 0.0527361518336367 0.0342402623307393 0.0246803911859686 0.0206427930742256 0.0183246948393037 0.0221741130067717 0.0436149069036154
"112102A" 145.90521 -17.71521 0.116293167116473 0.204294622261659 0.199236855060689 0.148069598332846 0.0908748925003862 0.0529740384894615 0.0352367550035545 0.0274329932194765 0.0239433635916455 0.0240170669323835 0.0290060724716443 0.0486205750197804
"113004A" 145.62875 -17.73961 0.0935052872323084 0.183943509855409 0.193686467799343 0.14698624574602 0.10418708765251 0.069221151071999 0.0525029155213116 0.0389538497372441 0.029572239206496 0.0233227996791291 0.0247261569178289 0.0393922895803996
"116006B" 145.92221 -18.49125 0.143770228911049 0.333752432775691 0.259299073954418 0.0977627362702155 0.0469140383366125 0.0299322806825085 0.0189510184762367 0.0126358308581786 0.00996126104803279 0.00635942421018182 0.00807615463854202 0.0325855198383336
"116010A" 145.5369 -18.2044 0.116383283447415 0.281440212669073 0.237831087967083 0.117060999681545 0.0653962366940864 0.0447833214479831 0.0322380717322736 0.0232097646096303 0.0191065016283612 0.0146297233675624 0.0151505965918002 0.0327702001631863
"116011A" 145.47745 -17.60505 0.100481230864777 0.234714193245562 0.239841258664413 0.12801968730775 0.0836135072419067 0.0582238959607652 0.0424046463579839 0.0316893873054401 0.0218345383744974 0.0145723846521101 0.0137680460509845 0.0308372239738107
"116012A" 145.34199 -18.06449 0.118091800513453 0.337794377440353 0.26849851372883 0.109787761385846 0.051166899958477 0.0330445679275924 0.0199778892546463 0.0138851091902227 0.00953062884277284 0.006690254488609 0.00620751648445892 0.0253246807847391
"116013A" 145.34107 -17.65125 0.109373387491404 0.258044338306522 0.241550386595286 0.12290984374087 0.0772765874199211 0.0498830847471229 0.0368235441031675 0.0264335833868919 0.0179638578677152 0.0121795500463248 0.0124055807973823 0.0351562554973924
"116014A" 145.29875 -17.6266 0.179928146350365 0.347109428241 0.283755079453564 0.0651063785036293 0.0308671503888088 0.0169707053232352 0.0082272362847523 0.0047394451113564 0.00212528040000554 0.00100043337139685 0.0104355549057323 0.0497351616661541
"116015A" 145.43737 -17.73625 0.090124243148926 0.232766475511913 0.239745980648813 0.141749073430869 0.0915790861766039 0.0628933125181541 0.0417397478904016 0.0284542807556893 0.0179620517970625 0.011223767913225 0.0110477714423564 0.030714208765987
"121001A" 148.1159 -20.2891 0.238170140637394 0.347373463797579 0.173754269590222 0.075059375898664 0.0288445405124136 0.0176399676701776 0.0103769124946819 0.00679183453604377 0.00249540514484768 0.00299464278032165 0.0125368307554912 0.0839626161821633
"122004A" 148.54712 -20.30038 0.192135778956453 0.292908139796629 0.217410135882057 0.089972941185707 0.0496136954175591 0.0220368002133207 0.0140507645541703 0.00759522657297452 0.0118585601636193 0.00474905715089421 0.0150451779408701 0.0826237221657458
"126003A" 149.39875 -21.91568 0.260261210635295 0.269135948911741 0.211061550090194 0.0585288647491758 0.0398018528669334 0.0131128437293494 0.00732362232664603 0.00716531423126322 0.00764042497145019 0.00241622485971728 0.0296996603272627 0.093852482300972
"136202D" 152.04378 -26.30122 0.259057802336603 0.215931560301755 0.104934143220703 0.0843765955680032 0.0536389317911952 0.0527210167409703 0.0478249693426848 0.0175263349889886 0.0135829924732522 0.0180594866166477 0.0402519234470514 0.0920942431721449
"136203A" 151.81365 -26.73635 0.189107177816772 0.229544116596189 0.11650042268524 0.0439594362862429 0.0763686379219305 0.0570220155867177 0.0487175767771465 0.0239369292602944 0.0330143546269812 0.0323930590605556 0.0425920312992256 0.106844242082705
"137101A" 152.24085 -25.08665 0.328101997635822 0.212724265620271 0.158804678119461 0.0446614670888884 0.0455555242683387 0.0220623367953642 0.0189033388652245 0.0048619449849403 0.00360687441230573 0.0033198426967528 0.0317701957757645 0.125627533736866
"137201A" 152.36875 -25.26625 0.308651104070644 0.244574555842778 0.149425556295467 0.0406033807625003 0.0460839902942628 0.0197158015276407 0.0232878972771312 0.00565472621094546 0.00578818091808187 0.00483493570787383 0.0338321650038173 0.117547706088857
"138004B" 152.3486 -25.9036 0.251132044452897 0.17253025334805 0.19239297217293 0.0589464266884223 0.0741203554865489 0.0289435561373613 0.0286268781171207 0.0115805490173519 0.0109749878874035 0.0106120235099842 0.0286671278847409 0.131472825297189
"138009A" 152.78382 -26.07875 0.109086457353108 0.19944292784 0.215676648270138 0.139666530071891 0.0863736907022702 0.0687869777456414 0.0438318478835005 0.0394002598295064 0.0193089118657852 0.0119947153483943 0.0160819174954129 0.0503491155943523
"138010A" 152.22125 -26.07941 0.296938085739989 0.159864797952937 0.120814013731091 0.0974069110542063 0.0659800060733667 0.0370528963979848 0.0276250932675178 0.0201987479069883 0.0119241477599348 0.0172278450790225 0.0354870136249972 0.109480441411965
"138113A" 152.64479 -26.38979 0.222203672633389 0.244679173984924 0.129602668384313 0.120458754438658 0.0457287371170889 0.0483782811595484 0.0539969826094598 0.0128723286820684 0.0082733702909764 0.016078064976091 0.0319050031938561 0.0658229625296277
"143009A" 152.40875 -26.99639 0.222262650658532 0.197328477144999 0.10525551739912 0.0836864091427541 0.0551219894319651 0.072893159612954 0.0632262084816699 0.0230671753869761 0.0245577465914767 0.033891154846474 0.0403616512606696 0.0783478600424095
"143110A" 152.51125 -27.82773 0.20852456210361 0.209350745720653 0.0782316140619025 0.0879461195794633 0.0999892744710609 0.0339291038825221 0.0295940086540719 0.0102578639549656 0.00766131909510014 0.0292451704298686 0.0719193173146322 0.13335090073215
"143303A" 152.8403 -26.83875 0.143729947608068 0.197917334400939 0.195687037912239 0.105513082056942 0.0830532206757453 0.0706600817453125 0.0528161600310369 0.021727384400063 0.017943641150038 0.0245364048050475 0.0299321540205047 0.0564835511940646
"145010A" 152.89125 -28.24625 0.121127322308017 0.181735276557877 0.157896895734776 0.11309029660611 0.0938842394495995 0.0905615836030859 0.0583230327991015 0.0303645142914061 0.0256276564501374 0.0316452786472221 0.0327224292610262 0.0630214742916416
"145011A" 152.57125 -28.14799 0.203765018366447 0.24023427008119 0.0987643294982818 0.0745228135044085 0.0699138504449581 0.0416050798601957 0.0359725918805373 0.0166453733580742 0.0123718732615601 0.0355927501083592 0.0642014934203518 0.106410556215637
"145018A" 152.60839 -28.21911 0.175429946110505 0.206212285512535 0.127889740260886 0.113304643228431 0.0856007119531219 0.0535141125174102 0.0443927629931281 0.0173603777364778 0.0153265788900901 0.0309640243726347 0.0391052351364121 0.0908995812883677
"145101D" 153.04547 -28.05297 0.14264921267809 0.177830834516197 0.139284638996905 0.118102558800396 0.106334954371299 0.0737488574772121 0.0612366696873289 0.0228958312954801 0.0201679680976018 0.0326000280634623 0.0428226268895369 0.0623258191264909
"145107A" 153.15875 -27.99625 0.160054404405709 0.164903841277704 0.13791808855749 0.13082023754317 0.115280770423962 0.0672326108902565 0.0525300279893868 0.0250047544052677 0.0207162978126248 0.0229794249837449 0.0376024769030087 0.0649570648076755
"146012A" 153.42301 -28.17875 0.138547443220898 0.183246452520673 0.158125648473979 0.125305933161782 0.0959039897899795 0.072349433610595 0.0514544743019234 0.0227975722218646 0.0190196239379918 0.0318622420784409 0.0392302689623253 0.0621569177195463
"146095A" 153.40375 -28.14922 0.151528517539526 0.19090066339899 0.16179413074932 0.130415240581837 0.107719422759359 0.0591291321529039 0.0405534815234555 0.0156070091030668 0.0136582866101496 0.0268621322971886 0.0323212561892698 0.0695107270949351
"204034" 152.214 -29.7635 0.180914784821502 0.19274540656236 0.14873017273605 0.101691724105596 0.0888365754118679 0.0411869014360606 0.0404846756187143 0.0296207386299403 0.0252041466038378 0.0323933015624974 0.0521317653003292 0.0660598072112437
"206014" 152.02886 -30.47636 0.167171314603485 0.199974926779397 0.0836702134921716 0.0587973523759287 0.0800165666735301 0.0675380341701926 0.0658941330399365 0.0425793672343336 0.0383090398430804 0.042768638676297 0.0850825208160277 0.0681978922956197
"206018" 151.76625 -31.05125 0.155990344620556 0.102487834650806 0.0485688611385818 0.0277095558125475 0.0701883384847403 0.0620944370293811 0.0887723532740246 0.113080054376008 0.0908762040610036 0.068428465002447 0.109735464540153 0.0620680870097514
"208007" 151.71625 -31.51625 0.0891228537842955 0.142271265063949 0.129705022866969 0.0950984352710558 0.0920121105874868 0.094527442130953 0.0716455675910043 0.0657045952433741 0.0496100195496335 0.0573125677862566 0.0663312211140707 0.0466588990109513
"208009" 151.31495 -31.57995 0.0850292760285755 0.106065266631243 0.0641553748649144 0.0503845927910727 0.0624755208872284 0.0815614137308859 0.109470390240535 0.110408275016561 0.0911356346060575 0.086938841992334 0.083877077079661 0.0684983361309322
"210006" 150.10136 -32.34364 0.107516964131043 0.119300985957952 0.108421677554264 0.0524316307345843 0.0619132312291459 0.117970513585225 0.0935248430617334 0.0854470531486107 0.0544818370265036 0.0647555433567731 0.0598487676255838 0.07438695258858
"210011" 151.68805 -32.31945 0.115151480753947 0.1667339887099 0.174768267511648 0.094260817736146 0.083005724745639 0.0961709889422175 0.0424220093012168 0.0489268798541729 0.0353577459877921 0.0483355863368818 0.0505776239758129 0.0442888861446258
"211008" 151.47035 -33.07215 0.0976874516498533 0.159871191443817 0.162750086770546 0.10393175696248 0.0933223021875094 0.133916044759871 0.0482603929740988 0.0395118775729526 0.0296031797671532 0.0393260800823948 0.0535930308674401 0.0382266049618835
"212209" 150.53375 -34.47651 0.0545046478534846 0.0706781677151537 0.0894185732507727 0.104910412543101 0.0844098029558028 0.128631938818094 0.0800421233071447 0.114881543414478 0.0761590703714024 0.077526115697626 0.0607530362308634 0.0580845678420771
"212260" 150.24375 -33.94734 0.0704093586539983 0.096403435686971 0.106238806202036 0.099693959482607 0.0741871038055163 0.100776865614342 0.0875121837741747 0.116366469456094 0.0717147714389697 0.0624909685863432 0.0668169398126485 0.0473891374863004
"215002" 149.7393 -35.3407 0.0440772592094096 0.0819683825731724 0.124808091616197 0.0796941651195911 0.0631401298564711 0.142391106754848 0.0728528150309205 0.107492907692428 0.0618524250348929 0.0901366776747185 0.0690491518702831 0.0625368875670684
"215207" 150.1833 -34.8217 0.040734466001496 0.0580977058949085 0.0954758833693566 0.0800899259375019 0.0749967942058004 0.164949003087439 0.111904419763921 0.124263482020023 0.0725890527160929 0.0603832754038534 0.0584161166649227 0.0580998749346843
"216004" 150.598 -34.9705 0.0267370703308849 0.105139376789736 0.147367897857565 0.103177666693216 0.0661142460811001 0.155200088179046 0.0710233472325528 0.10568679509348 0.0461730536911837 0.0767283177302352 0.0551311303308677 0.0415210099901324
"218001" 149.51035 -36.26465 0.0415187070207805 0.0758350434119226 0.116138228126555 0.0857630318655835 0.0789069136038314 0.156855709030981 0.0879663123475602 0.0770965622404862 0.0623805152411479 0.0757570200320666 0.0638641014717853 0.0779178556072991
"219001" 149.44185 -36.59315 0.0523266258130862 0.0866539326245605 0.104565014606272 0.087329239948559 0.0789597655816625 0.119884679633171 0.0900511583670296 0.0819146892637542 0.0696755436211555 0.0774202227164746 0.0797061096121403 0.0715130182121345
"221207" 148.91375 -37.44713 0.0531466579421906 0.0430600152099486 0.0502703155966004 0.0612932865008468 0.0631626031863544 0.145417613249332 0.111415217196513 0.094505621005934 0.102345360053328 0.0968599885586406 0.094990352340534 0.0835329691597769
"221210" 149.51949 -37.41699 0.0195189064517994 0.0237176524345494 0.0746460894918401 0.068661812899661 0.0707375089783731 0.23794999492453 0.13535453934524 0.0611220785814034 0.0747931079262655 0.0826224991452962 0.092572094106525 0.058303715714517
"222206" 148.17458 -37.49458 0.0347073969174382 0.0384752810717345 0.0316989504857845 0.0347492373439423 0.053754366830316 0.11572364906994 0.109063927452696 0.11604969882825 0.138187514498236 0.131837469438923 0.112910777390369 0.0828417306723695
"222213" 148.32674 -36.95424 0.0381833592090223 0.039861931077521 0.0449911956178578 0.0381736930022241 0.0453437302633439 0.0827975006099676 0.104467203107382 0.130031340980046 0.148596208191262 0.13838837904559 0.109939609591185 0.0792258493045984
"223202" 147.72875 -37.26772 0.038071864600197 0.0303343095342429 0.0270915868870654 0.0255542721890465 0.0492017749078839 0.111441594320911 0.106752178488069 0.124247422181122 0.146106435401525 0.137206536350104 0.114249980354049 0.0897420447857845
"224206" 147.08875 -37.40625 0.0233788576723035 0.0178805601193747 0.0144128368718906 0.0214861288593574 0.0394076837269496 0.0939674252504255 0.138503129488032 0.179147909332779 0.189242031684174 0.142340377764991 0.0831409167665255 0.0570921424631971
"224213A" 147.27125 -37.49375 0.02573600126459 0.0172554288122111 0.0208421442109961 0.0259962026312094 0.0421417663365566 0.103360837802146 0.12631266714597 0.14788513992661 0.187469294997819 0.153358893149825 0.0876720881185339 0.0619695356035336
"224214A" 147.39293 -37.49457 0.0417408079710374 0.0346694919299677 0.0423377696915593 0.0597123822411454 0.0349500612350941 0.175303753644989 0.109289844933802 0.093719199158018 0.108353387476992 0.122031786070138 0.0943890770146625 0.0835024386325948
"225020A" 146.35427 -37.83323 0.0507262947203835 0.0408959131079308 0.0391598691504497 0.0535314041280932 0.0686528604414089 0.0968681540624727 0.0878424702939099 0.108616180161981 0.143432329610865 0.131947668444877 0.0997585924677687 0.0785682634098601
"225219" 146.56625 -37.5161 0.0171098315282513 0.0140487309759369 0.0111942624583938 0.0188236178010485 0.0416502560110513 0.095516754486061 0.133260713124988 0.179421795273359 0.210146191761225 0.153237712861272 0.079090786824708 0.0464993468937054
"226220" 146.00652 -37.86651 0.0569644070431239 0.0475881579904047 0.0438962248312751 0.0516456590467264 0.0664571584381979 0.084778301440464 0.102083943980519 0.122610740388171 0.132746622215016 0.115914460007366 0.0985634608665496 0.0767508637521853
"226222" 145.89301 -37.88125 0.0698810960324788 0.0642207929496082 0.0589457977902854 0.0651135707368178 0.0711407386297618 0.0846603369396908 0.0915161737285198 0.102522544784306 0.106159940410839 0.101962655289965 0.0982840443550598 0.0855923083526682
"226407" 146.30493 -38.40743 0.0317462314863581 0.0269034412707714 0.0247051282555113 0.0489952215701002 0.0625886129600521 0.120208611946334 0.140925046036004 0.148096896005471 0.152997825361471 0.110428964606949 0.0801216005194126 0.0522824199815652
"227225A" 146.55511 -38.46875 0.0556209469346879 0.0459314086268644 0.0457475454273508 0.055047408409247 0.0597813704466373 0.121562920138916 0.103218604777397 0.101165774563837 0.121985304060318 0.10178483950451 0.110039235783008 0.0781146413272271
"227226" 146.16058 -38.49941 0.0185247524117267 0.0151814706315957 0.0143374138881742 0.0366121353033906 0.0585340545879085 0.133013800244872 0.16414111568244 0.169745316164641 0.1617645525223 0.111185447591635 0.0756404988102205 0.0413194421610959
"227227" 145.95735 -38.39375 0.00855348115954787 0.0401310910083989 0.0214223998803347 0.0250575661337871 0.0509181136105139 0.12604880777839 0.170343685844469 0.190627474603713 0.169602743054551 0.107928813998554 0.0592698426445678 0.0300959802831719
"229650A" 145.94125 -37.72142 0.0486062243956243 0.0359520779039163 0.0279884162596952 0.0305656025445357 0.0354862914594795 0.0720254868850883 0.115341068673704 0.145837680732016 0.159259829079298 0.134608946357337 0.118981840284825 0.07534653542448
"229661A" 145.9268 -37.63375 0.0382258531181642 0.0263548145046702 0.0207140163167001 0.0232622820622655 0.0268271850961096 0.0618711041377531 0.117100677759653 0.185099037774498 0.199270996249479 0.139878832847932 0.100671982333195 0.060723217799579
"230210" 144.5243 -37.47181 0.0406664786586335 0.0282353445660506 0.00617085987048007 0.0145906868820816 0.0301120829379643 0.0543658037393627 0.10768332839568 0.157113199238622 0.198008805409143 0.188934920948706 0.127783060845839 0.046335428507437
"231213" 144.36125 -37.49655 0.0209768563807859 0.0156816521318657 0.00486427071419033 0.0101434746795299 0.0352256317988228 0.0717323615969765 0.148712450438613 0.193255637868331 0.203168107881051 0.165466520572066 0.0922276519860044 0.0385453839517629
"235205" 143.44375 -38.63824 0.0340998461291465 0.0282985577056375 0.0190534106554685 0.0330877775994657 0.0631036046562262 0.110195653868621 0.155304004068429 0.175255537055873 0.14320525490018 0.108203390683928 0.0789134579850305 0.0512795046919939
"236213" 143.46637 -37.53113 0.0637051558312987 0.0193478066060133 0.000754149719295403 0.0024479074397584 0.0111419058341669 0.0350901246356306 0.121160648841117 0.227031661047314 0.272948667382689 0.180474599217272 0.0444749785877674 0.0214223948576772
"238208" 142.50816 -37.37375 0.0396512211798023 0.018104992305019 0.017428139998385 0.0199463641472364 0.0496352541922576 0.0736128431801058 0.12591118164343 0.190492590343831 0.175417119487669 0.140109936191556 0.0932175270315329 0.056472830299176
"302214" 148.21625 -41.04709 0.0844191669305644 0.0194672462698046 0.0270406504663317 0.0585468040848708 0.0673708027568132 0.0768246926567116 0.147873041174994 0.181383689576846 0.121683875355578 0.082674637389601 0.05286588993424 0.0798495034036442
"304497" 146.41961 -42.03125 0.0280854680166917 0.01542296192559 0.0133370949056279 0.0467223872997737 0.0949666466116868 0.101779025215969 0.138336927615438 0.168271585647444 0.158081416775771 0.120106341086352 0.0664262193923619 0.0484639255072942
"304499" 146.71055 -42.70695 0.0384844112779814 0.0279356743985807 0.029763785709539 0.0556779545433121 0.0848562240261936 0.092532169063407 0.125440525601117 0.147485127560488 0.141946018336976 0.12181481532795 0.0756639908001216 0.0583993033543339
"305202" 147.23674 -43.07076 0.0453991853391952 0.0353903828559884 0.0338535927978956 0.0589669865624972 0.0528645317439893 0.0958607629805944 0.125693482729211 0.169233199289352 0.125183921077385 0.0944151011575935 0.0798583003624378 0.0832805531038615
"307473" 145.95 -43.14125 0.0432118670779798 0.0346247449702594 0.0459959227063726 0.0829062183806169 0.108838356456642 0.0994097834230476 0.120144811646007 0.125715872691402 0.115788184076373 0.0934460594800723 0.0672956987972832 0.0626224802939441
"308145" 145.76764 -42.24125 0.0400900382418629 0.0285165983523708 0.0372157419249103 0.0772105384916358 0.103864331776477 0.104657223248915 0.121739133041524 0.130875920945455 0.121983951632281 0.0984046860805021 0.0734126751990755 0.0620291610649919
"308799" 145.92875 -42.16375 0.0413365144032973 0.0282705347493623 0.0368711790885303 0.0679314466682619 0.0942334811603255 0.103991908884729 0.119407072015338 0.142560415515494 0.129064325824686 0.113290698880944 0.067324784304365 0.0557176385046659
"312061" 145.67044 -41.41875 0.0276970996771697 0.0191007474017956 0.0173805915674915 0.0479582899030065 0.0996105744736708 0.126147446125532 0.154127610740797 0.170025104111295 0.129018492853011 0.0961701019840842 0.0659440230623093 0.0468199180998377
"314207" 146.09003 -41.25125 0.0295354819824373 0.0204202174009426 0.0214370087529644 0.0459978089475242 0.0872403496665059 0.11401186937607 0.166446251621807 0.179694405958585 0.139331686716811 0.0924363176784549 0.0596942886876718 0.0437543132102254
"314213" 145.29754 -40.87254 0.020896607917644 0.0119246546947276 0.0118835677372465 0.0292554387955606 0.0736181504926018 0.113746024813843 0.178063366399183 0.209795899441844 0.152060924067478 0.103768162119746 0.0590338350801311 0.0359533684399948
"315450" 146.13125 -41.6117 0.03262704640208 0.020911040469039 0.027000913979255 0.0613074279922742 0.0998142554545389 0.103913226192068 0.140592910667998 0.156926296090576 0.139239215480557 0.101622310117145 0.0642391408892142 0.0518062162652538
"318076" 147.38434 -41.49375 0.0333787666129144 0.0245933731938811 0.0231311121933006 0.0386372023265679 0.0697722441802158 0.105118058015852 0.144057536668756 0.192388999312277 0.152567149247246 0.104729872552394 0.0641767320772818 0.047448953619313
"401009" 148.1009 -35.9266 0.0280127302025313 0.0224312569884091 0.0213722530606335 0.0246232922520249 0.0400898520724327 0.0772489359953448 0.127310095627174 0.17532591954366 0.170568252064765 0.160622497101608 0.0929422819379727 0.0594526331534444
"401012" 148.05195 -36.31875 0.0419397281894934 0.0339972608247011 0.0321948890313755 0.0308620528748275 0.0420716532795437 0.0658532661135432 0.106268204748775 0.140809930224153 0.173970662106135 0.15769738779563 0.105835959317123 0.0684990054946994
"401015" 146.97509 -35.91625 0.0358231467369993 0.0256148480848034 0.0356110398619638 0.00945500385130107 0.025844430486375 0.0370802333795972 0.189166227495964 0.237254934405816 0.204211368591923 0.149939603898559 0.0327247253351465 0.0172744378715525
"401203" 147.60737 -36.94763 0.035623218368499 0.0282238419504282 0.0263966288827933 0.0347010078958196 0.0522707754705101 0.0776044465000224 0.0943739870589968 0.12267124524315 0.176196420663616 0.182900433948404 0.104924477433676 0.0641135165840848
"401208" 147.67782 -36.21375 0.0445393823062882 0.0365854287347994 0.0376781968029976 0.0368344335678755 0.0493234521238118 0.0719572200323798 0.12973081954463 0.160732380684205 0.153794559101851 0.134943815582609 0.0843648915131969 0.0595154200053559
"401210" 147.41345 -36.56845 0.0408412727943489 0.0328561766557713 0.0288832427181717 0.0339088025874188 0.0446289215121794 0.0666807847715157 0.118551854275646 0.162784388570757 0.166781171712797 0.14736920016845 0.0943710282492755 0.0623431559836688
"401212" 147.82853 -36.44604 0.0398104183834517 0.0313150393415923 0.0275039481139971 0.0315507867515512 0.0415364653599473 0.0668060203931523 0.117222365573577 0.166487918979967 0.17628358882256 0.149924797037663 0.0913028810417823 0.0602557702007586
"401216" 147.47248 -36.93247 0.0359141001214586 0.0292332705123116 0.0257977343965099 0.0353252992151215 0.0533598018848278 0.0773647356938785 0.0930338830095519 0.117159111369397 0.173189173359347 0.186577820196985 0.109730404226014 0.0633146660145976
"401217" 147.70884 -36.75616 0.0378873950756486 0.0281704497123878 0.0244383579922328 0.0227523829103189 0.0314999471746541 0.0563157957594291 0.124777678184292 0.167276163939421 0.189408127492873 0.157717881949863 0.0989776708134545 0.0607781489954256
"402204" 146.90608 -36.30375 0.0310900354794274 0.0257020599887879 0.0240350906822028 0.0246796297369669 0.0477769532757352 0.0719649350161228 0.146093122301971 0.184668507286286 0.179334674272642 0.141851462483432 0.0785357245392524 0.0442678049371739
"402206" 147.04481 -36.54019 0.0334621437226148 0.0271212233638871 0.0244584933368024 0.0206741845540958 0.024597594922604 0.0505310211277339 0.126342122160791 0.18657171243074 0.194718535222135 0.157088977312522 0.0927648462578441 0.0616691455882307
"402213" 146.89375 -36.31636 0.0217874222841214 0.0203867619450973 0.0194346579160591 0.0221128991695337 0.0449393131398418 0.0802285262515795 0.163588258057519 0.203075695396299 0.186613359504948 0.135635760260417 0.0688456143894179 0.0333517316851673
"402217" 146.87626 -36.38627 0.02594627110466 0.0171335819032115 0.0136416488665273 0.024562942375567 0.0472953413216246 0.0789847784154251 0.154451833983636 0.199361520881814 0.1826234061664 0.13969947092649 0.0767431673396001 0.0395560367150442
"403209A" 146.34465 -36.33215 0.00957569543720939 0.00972912544386451 0.00747376614825469 0.0131628116583212 0.0332172003047803 0.0661457987461311 0.167926924986259 0.228981837793037 0.203721551148861 0.159338941617677 0.0666199951729601 0.0341063515426456
"403213A" 146.24375 -36.61953 0.0227159989076942 0.0160269882846918 0.0114227017789063 0.013208538657431 0.0378986716570875 0.0692838655631413 0.154753556403049 0.209914108555392 0.192945731456545 0.1448150281394 0.0755472908474557 0.051467519749206
"403214" 146.81994 -36.57756 0.0191714964272337 0.0180368962785998 0.0162056513790668 0.0186516881181242 0.0421159167331843 0.0712247379876536 0.157464551480968 0.212606097001707 0.190105910987696 0.143926397506645 0.070393173226536 0.0400974828725853
"403217" 146.58322 -36.82428 0.0136732289041896 0.0108430233088468 0.00812292326651135 0.0095901429780622 0.0379962690317518 0.076756445001104 0.180335749885767 0.22986421722586 0.200663664063654 0.136691403657927 0.0644845093894514 0.0309784232868742
"403221" 146.60125 -36.31125 0.0209326645729981 0.0204201367743728 0.0158250639704965 0.0147174337484058 0.0461809531142525 0.0717905475203932 0.166187052861793 0.2100466281813 0.191808204678549 0.14163007779598 0.0631094938620983 0.0373517429193599
"403222" 146.70125 -36.91068 0.0197867644315069 0.0158316700726479 0.012140008517452 0.0156602053647321 0.040317737205463 0.0753202220333636 0.160577504633102 0.215816910977105 0.186915107232291 0.137495360952741 0.0732969814255329 0.0468415271540622
"403226" 146.36188 -36.60562 0.021000159642552 0.0184338469781264 0.0132534162511093 0.0143477769694523 0.0405802371977821 0.0735489914054443 0.16832662864361 0.217170663796947 0.193660373671629 0.131810463324614 0.0682205068984368 0.0396469352202965
"403232" 146.97875 -36.75154 0.0200799977795171 0.0182976811204848 0.0179681106162489 0.0170446030020647 0.0348677332573395 0.0631865601778116 0.15397876547545 0.208951784311754 0.190403210576565 0.1528346460103 0.0768978805646987 0.0454890271077665
"404207" 146.05902 -36.61153 0.0173427708007652 0.0172940823642397 0.0112688185471129 0.0123973978664074 0.0398301460451002 0.0673388130191599 0.164100658962495 0.214966437589913 0.200634328027983 0.146017884884049 0.0666117178284162 0.0421969440643595
"405205" 145.56385 -37.41385 0.0618130680856765 0.0497479087355949 0.0451178957344374 0.0521894903247769 0.058716169831197 0.0827191013600521 0.103577293556904 0.129031898865951 0.129386048187201 0.112205493783289 0.0958471853885248 0.0796484461463953
"405209" 145.71375 -37.31773 0.0393274388812231 0.0281178052947848 0.0244173599076602 0.0296426429307345 0.042127966983821 0.0744782114989085 0.127754981430674 0.172901452085723 0.177988728776161 0.132696999999702 0.0902871916470539 0.0602592205635532
"405217" 145.47319 -37.38375 0.0388196472663927 0.0239583940431466 0.0165500724116727 0.0257733843901637 0.0293167977887409 0.0801429974979722 0.137477506317399 0.186742134762783 0.186862096913278 0.126709668737816 0.0902341491145738 0.0574131507560618
"405218" 146.1876 -37.29125 0.0191082831726335 0.0138299789154917 0.0110284403912069 0.0160299959425682 0.0451982422511726 0.0927471174202148 0.157659658386627 0.202310273166674 0.192000037449372 0.13728879787658 0.0691067559745304 0.043692419052929
"405219" 146.12958 -37.33042 0.0194267809868648 0.0142061588838576 0.0105723351651097 0.0124794701810919 0.0317649064541634 0.079625493148321 0.162665524651651 0.22396953461902 0.201185849923753 0.134534716400434 0.070467009398511 0.0391022201872231
"405226" 145.30649 -36.62101 0.0121583174395531 0.00775206878624538 0.0185483177618098 0.00428363442102452 0.0367036014309264 0.0740961201585672 0.189413232324828 0.23256241010388 0.212947290033113 0.136702122929564 0.0452918366743834 0.0295410479361046
"405227" 146.05695 -37.36695 0.0283620566318852 0.0206640346818208 0.016281858238915 0.0177536956782663 0.0313717244724423 0.0727147944762135 0.148941498022981 0.207060221034019 0.200433939903211 0.131785305479337 0.0776531752789269 0.0469776961019826
"405238" 144.85701 -37.12049 0.0176975445760383 0.00797327063259547 0.00284533182611965 0.0040902940367409 0.0270194020611482 0.0700482074395517 0.178328466359047 0.229405463927704 0.252886540717819 0.138790642970042 0.0454198119861764 0.0254950234670165
"405245" 146.05375 -37.03875 0.00707512139237703 0.0105888496971398 0.0105791834822258 0.00837435834728625 0.0263641103155992 0.0581538530691274 0.182207149368185 0.281560924736101 0.228695709795339 0.118038297841138 0.0398305047867938 0.0285319371686887
"405248" 144.9146 -36.85375 0.0209325003593094 0.0228602914515903 0.00772929680226794 0.00327210636522232 0.0339631674481532 0.080118809653561 0.153040839074612 0.198854015022562 0.204880665554909 0.199199754204018 0.0444072683855386 0.0307412856782569
"405251" 145.78375 -36.96886 0.0316673273875328 0.023149912920076 0.0233911531873369 0.0283963695757314 0.0479055199984788 0.0815553961016682 0.14933967801709 0.187519768056336 0.172718933126507 0.134917286289399 0.0678740233602762 0.0515646319795675
"405263" 146.24715 -37.46285 0.0218866777556251 0.0137988895467698 0.0108968543733965 0.0121578101246547 0.0190589029273656 0.0706038991268964 0.154373586979987 0.221260623890488 0.215516934064402 0.134999213733451 0.0784838830594536 0.0469627244175098
"405264" 146.07596 -37.52125 0.0329236743475565 0.0220734517637411 0.018794490251336 0.020816675713872 0.0294808865586437 0.07487892875349 0.139119663588257 0.193829742638094 0.197134114093188 0.130872857123424 0.085577810422072 0.0544977047463251
"405274" 145.60513 -37.10625 0.0139124200596694 0.0053715617864502 0.0105211659798388 0.00886623486955514 0.0212397569764525 0.104981145475844 0.219584816416475 0.251074309378772 0.199454929322377 0.096170162296361 0.0418367052108845 0.0269867922273203
"406208" 144.45125 -37.38787 0.0176556547294021 0.0234842210654489 0.00484949349982979 0.00826059609829887 0.0320729415249418 0.0841003752766522 0.154641187558809 0.207011153104765 0.194127069802256 0.155372022538523 0.0834557396309178 0.0349695451701564
"406213" 144.53896 -37.01646 0.024394441119744 0.00612022383248951 0.00313032113303089 0.00300216612632177 0.00919133809787644 0.0680274123455744 0.172309386559765 0.233992803702916 0.2357382105015 0.151001799652988 0.0649692651231677 0.0281226318046272
"406214" 144.42844 -36.77406 0.0306720042426844 0.0232289827246864 0.00786632703294257 0.00960719751657261 0.0447515926516367 0.0922221238669079 0.156924924413231 0.212922003041326 0.202719482882431 0.147094524791303 0.047642932265347 0.0243479045709313
"406224" 144.6373 -36.54625 0.0461803159521737 0.0301719085508538 0.0200737705937459 0.000171686323018785 0.00762571585314773 0.0819092514292471 0.184413148643827 0.161786743079341 0.193352548167846 0.172922099169007 0.0437230647010849 0.0576697475367067
"407214" 143.78875 -37.29668 0.0211815833322455 0.0150993976554247 0.00298975819312234 0.00419288518442083 0.0286126853616286 0.071442210968473 0.155075900089797 0.251051167612797 0.22967160894011 0.147655599449876 0.0578589858283781 0.0151682173837262
"407215" 144.05875 -37.10875 0.0364052840376118 0.00970715665430645 0.00505303804262895 0.00567313701974997 0.0122992467967587 0.0700259127012134 0.152126430607118 0.216039726670128 0.223341054003026 0.169139819653518 0.0724755276969223 0.0277136661170182
"407220" 143.64431 -36.99375 0.0274610647549433 0.0228798801110278 0.00641868992433243 0.0158620430364937 0.0512098808798308 0.0781510848951334 0.123599117986534 0.225952577628627 0.239534210552991 0.153690709045394 0.0258516080088212 0.0293891331758713
"407230" 143.96037 -37.16213 0.0404490239065755 0.00762045295196101 0.00165932996720656 0.00408726159775372 0.0173317372042526 0.0785434300714008 0.15932179190821 0.241274662869344 0.240113250177487 0.146064253452589 0.0482914643909883 0.0152433415022324
"407253" 144.4694 -36.4519 0.0602949170518274 0.02697070945929 0.0290583476329808 0.0245747350178599 0.0651264942645672 0.0864308816122919 0.13181703536356 0.137808827544096 0.158923938709384 0.154287242678611 0.0692237270922356 0.0554831435732955
"408202" 143.40552 -37.18198 0.0226244812565482 0.0169756692088891 0.0109606612671082 0.0136795363635894 0.0376306206961469 0.0632654847787328 0.144550974363801 0.247099243601121 0.241399723234781 0.140526668886149 0.0399101629731345 0.0213767733699982
"410057" 148.34845 -35.32905 0.046494106053616 0.0351625865030097 0.0379801448226975 0.0356685434890654 0.0489813137276647 0.0705666351364175 0.119679680665735 0.149148951089856 0.154231021101336 0.1349839327884 0.0965328454909939 0.070570239131208
"410061" 148.06915 -35.33165 0.0424150428652 0.029706646357414 0.037004644725309 0.0440515307361687 0.0547063114428801 0.100754726827991 0.131490910475444 0.147184391936719 0.136497339877128 0.138816380088041 0.0749354003831483 0.0624366742845568
"410705" 149.31625 -35.3367 0.0311750358636299 0.0299455474272128 0.0729751906102953 0.0652230270681024 0.0622076305574626 0.150737486884035 0.110194778707328 0.116301870878646 0.125972845187719 0.105326520013824 0.0778987034726919 0.0520413633290532
"410730" 148.82125 -35.5917 0.0498219739927953 0.0440863162895513 0.0441887300507932 0.0513503984706023 0.0449383619329948 0.0618431702804563 0.0927478725643796 0.124852909810419 0.161362068861142 0.138972331967362 0.104701733403842 0.0811341323756619
"410731" 149.06625 -35.57485 0.0547712209378104 0.0520210968650866 0.0620041652445683 0.0779271335922622 0.0521569086166915 0.074179674303042 0.0964704812174042 0.115149463652203 0.120764439279424 0.123024199798062 0.0990826241891836 0.0724485923042609
"410734" 149.34982 -35.61375 0.044643702742151 0.0542472095790997 0.0783734100106233 0.08798702672433 0.0656509740726361 0.118742609137433 0.0995024047381642 0.101547078376809 0.0898287822193849 0.0922201617302935 0.0926065837222811 0.0746500569467941
"410761" 149.10125 -35.53993 0.0324956197309123 0.0343193889831449 0.0765103364573958 0.0570017682087584 0.04507622037043 0.152630041064844 0.134369586295625 0.0979147592279856 0.108585740063875 0.117464971747528 0.071337444518897 0.0722941233306048
"412028" 149.3252 -33.9548 0.0394067636284761 0.0356059217753767 0.0399257687061601 0.0431526917322176 0.0458896427756426 0.0992727437308686 0.142180927582426 0.184691139475563 0.137961256425533 0.107953990691134 0.08292198880778 0.041037164668822
"412050" 149.16727 -34.31125 0.021738004878102 0.0174102015712814 0.0290422755917109 0.0375407325503914 0.0327629400892802 0.0641088487735131 0.154314154003168 0.199838922045913 0.204943733851411 0.131648118557288 0.0650633128331967 0.0415887552547455
"412066" 149.5978 -34.1128 0.0461674346710857 0.0357847439328081 0.0495180232410743 0.0481827639675784 0.0440576329944812 0.0890225434724392 0.132989199253459 0.179720633246875 0.146022875312784 0.104690104540854 0.0769133977127391 0.0469306476538211
"415207" 143.18471 -37.1853 0.0369920046549113 0.013982952990123 0.00594871965711983 0.00913599754484181 0.0227416308296036 0.0498552501886254 0.131765070860109 0.235840612884709 0.248512229126362 0.16578188669409 0.0446053343827545 0.0348383101867496
"415226" 142.7872 -36.74375 0.0642864015991541 0.024328700723818 0.00197437589811214 0.0157604408170899 0.0531034902229634 0.0499224804315626 0.155654602571267 0.213058202049855 0.236572071599315 0.166590044767792 0.0070776134241396 0.0116715758949313
"415237" 142.82133 -37.02632 0.0622480880353287 0.00401441142325431 0.0160061218800924 0.00824680501907472 0.029014238798558 0.0794554099977987 0.16902347394628 0.260256290980189 0.246076188118085 0.0912078917848364 0.00900443694354896 0.0254466430729535
"416003" 151.72665 -29.02915 0.194950232168468 0.103415639646064 0.0680045947029775 0.0829158669815764 0.0837458925809434 0.0434505113213187 0.0649556902818895 0.0660068346455903 0.0810301158653758 0.0654988229911549 0.0658385046497822 0.0801872941648586
"416008" 151.38338 -29.21838 0.135907274667741 0.114083952272769 0.0798226117609757 0.0424340275563249 0.0562750576849953 0.0402219059124609 0.0733026534070044 0.0786417148456453 0.0893909270706865 0.0951792054731858 0.107156270132384 0.0875843992158265
"418005" 151.11432 -29.91682 0.139959573054096 0.140692800974809 0.0302781392917954 0.0243076347455618 0.0395037542965096 0.0407200888957104 0.101442805433432 0.0894711204020945 0.107731317310887 0.0868885200131284 0.111414361149379 0.0875898844325968
"418014" 151.36244 -30.46744 0.147868749572503 0.110403194271118 0.0333669245797377 0.0224071824094123 0.0410134965940615 0.042668546106645 0.107338639526146 0.115584450732113 0.112786512870209 0.063371945877714 0.120156586184722 0.083033771275619
"419005" 150.7785 -30.6785 0.101162882364664 0.11469903848439 0.0492800406669301 0.0239260442274825 0.0488160049670833 0.0684141182624736 0.100881559815495 0.126748048539745 0.111295548918419 0.0909769899169755 0.098940998744141 0.0648587250922006
"422202B" 150.17904 -26.70904 0.174094500433718 0.213988320380366 0.0737679266007593 0.0289796665615245 0.0903533347827317 0.0408016931138708 0.0609772407850735 0.037995366858068 0.0311652321807035 0.0185469361838081 0.0437998190259815 0.185529963093395
"422319B" 152.01426 -28.03625 0.26067976978375 0.17066647343428 0.0743665178827472 0.0829285680359886 0.0891853028842394 0.0361711217680156 0.031736512476221 0.0163332033461897 0.0118113639394051 0.0215343536321989 0.0495998993511872 0.154986913465777
"422321B" 152.33307 -28.35375 0.136160105599969 0.124511453417643 0.11395728328197 0.119845107619435 0.115150947855198 0.082482872087133 0.0742419713712335 0.0504658326322363 0.0431957184795615 0.0418173589032557 0.0414094902567574 0.0567618584956068
"422394A" 152.14136 -28.37136 0.180574677476357 0.13092096698606 0.106894011136353 0.123616988319796 0.104920337532772 0.0657583922663609 0.0682101402552788 0.0326540904753039 0.0319786077973638 0.0295369327935115 0.0401640614634756 0.0847707934973669
"424002" 144.45534 -29.23875 0.132336001967089 0.276429618217611 0.148752994948799 0.10579233131991 0.112612215143849 0.0532845466691935 0.0299235377056046 0.0198569358985958 0.00770443529909277 0.00386841265355388 0.041163403213359 0.0682755669633427
"424201A" 144.78593 -28.68907 0.208952653412846 0.235317323666867 0.142506699058453 0.112782359302336 0.104857011771789 0.0356962593033913 0.0104597634897825 0.00933855441322435 0.0042227167309124 0.00624863229744069 0.0487830526721768 0.0808349738807813
"604053" 117.08679 -34.88821 0.00313386801907445 0.00115378089242672 0.00121136106505172 0.00608936751404382 0.0131125920321953 0.0601737206186195 0.212009434858709 0.281451309964294 0.235832696892498 0.128316494572699 0.048073010268477 0.00944236330191131
"606001" 116.61755 -34.76505 0.000733201672763803 0.000116170859958668 4.81448702219598e-05 0.000359719857213192 0.0058159158947837 0.0511552531747548 0.203708263819466 0.289707703268201 0.267874404547397 0.128600730144073 0.0441210034926563 0.00775948839851117
"606002" 116.51887 -34.69387 0.000250889814635423 2.13217729155825e-05 7.27216854015718e-06 6.66918456536915e-05 0.0051026761348881 0.0522660941592228 0.202840202946272 0.297495490043713 0.276645859631591 0.117528380571148 0.0410621380582522 0.00671298285316782
"608002" 115.84311 -34.39189 0.0262028386892538 0.0185022079468496 0.0158501955285444 0.0203942433134798 0.0425354274251463 0.109123749729286 0.192767818749299 0.188602048965976 0.167257098035957 0.109838151539395 0.0678023785203027 0.0411238415565106
"613146" 115.92196 -32.99875 0.0148872377987524 0.00928672917984478 0.00916802338330134 0.0150372955957245 0.0385728964071031 0.151184020214788 0.221877611413488 0.217736686441392 0.162910340867957 0.0928839793932039 0.0443628507213843 0.0220923285830609
"616002" 116.29275 -32.06875 7.4933234591144e-07 0 0 1.31632715431776e-05 0.00168876204132484 0.0387393438012899 0.263852864907437 0.382504784625583 0.224135126761698 0.0815246329408849 0.00724831675974622 0.000292255558146864
"803003" 124.98864 -17.12886 0.252102837112426 0.353753475676403 0.270991462403834 0.0325359359933198 0.00240759622681208 0.00126392692012864 0.011958238428005 3.33887047775541e-05 0 0.00117533169669158 0.00651294980884287 0.067264857028759
"804001" 125.42696 -17.00875 0.198488325495127 0.361588833978867 0.262657094546811 0.109264997503807 0.0161230266517279 0.00754411338054197 0.0047851730504488 0.00181560896592886 0.000562749101208866 0.00100966840014807 0.00156638125922792 0.034594027666155
"809310" 127.60047 -17.42547 0.211597286327773 0.414325884939074 0.283335031432453 0.0430741847763184 0.00344993614289747 0.000710256004041426 0.000430665086260973 4.30351167191651e-05 5.17088611741906e-06 0.00763792990312614 0.00690590308431735 0.0284847163009012
"915011A" 144.52375 -20.1775 0.36509087907704 0.346052998599146 0.114160938976044 0.0310013252145654 0.0141166487625937 0.011019370320471 0.00261911857681639 0.000527089768249417 0.000453368613134194 0.000531289592788285 0.0190118954764958 0.0954150770226556
"917107A" 144.30648 -18.13375 0.253569446026865 0.355049568035664 0.20381475751692 0.0488116074269532 0.0265653385221089 0.0163120049263369 0.0136886332610316 0.0107346709605162 0.00958986448877779 0.00866912706263058 0.0146565935490821 0.0385383882231138
"919003A" 144.29049 -16.47201 0.213093670025581 0.359458764078478 0.278072209015117 0.061415750395356 0.0186357644499235 0.010227354365786 0.00657027058618218 0.00411051546718533 0.00255076388550857 0.00180397814274994 0.00724784058390943 0.036813119004222
"919201A" 144.77777 -16.10723 0.209478602388829 0.371894474906748 0.29883633342052 0.0504991955737956 0.00944974788973379 0.00568913875476964 0.00297326692335324 0.00181199939930774 0.000894940847371094 0.000997699837484012 0.0138724401993294 0.0336021598587586
"919309A" 143.78485 -16.54485 0.248534210708415 0.383006521386872 0.242674076510711 0.0388479495600942 0.0110484642101323 0.00315692515483121 0.00131557920163407 0.000543786513483553 0.000241255765183375 0.000157620356378472 0.0113126636003729 0.0591609470318921
"922101B" 143.175 -13.95625 0.13382047977045 0.274350582780881 0.310641757288943 0.161492154223645 0.0371748429747313 0.0152400742580068 0.00970037700196287 0.00532617265261795 0.00262746120213929 0.00258866655385495 0.00563326003416851 0.0414041712585995
"925001A" 142.6377 -12.45375 0.118893285127423 0.272548290131942 0.357505197907656 0.162915235544738 0.0385603451479883 0.0127441443386571 0.00688713859482062 0.00450274379900787 0.00322661456524808 0.00285165821848181 0.00308457002459463 0.0162807765994425
"926002A" 142.42 -11.83125 0.100628716519772 0.185286857064819 0.243432542875595 0.190062132959731 0.0914803499741634 0.0512624271718405 0.0350737981952548 0.0251181396564789 0.0191396043043632 0.0151831986563822 0.0148199542873218 0.0285122783342778
"A0020101" 139.3667 -25.90875 0.0949399607280316 0.313832732233702 0.33507581424581 0.131953021832867 0.0466345042872502 0.0296910249589147 0.0142078622389178 0.00508349094360791 0.00185175684045827 0.00137088323898173 0.00468586782438252 0.0206730806270766
"A0030501" 140.8433 -27.70125 0.0464633989164146 0.249090215043116 0.226435755176747 0.136447865418589 0.146790153299321 0.10452160376094 0.0455479724544431 0.0172693466430831 0.00635150811866374 0.00304291655609335 0.0084196193465842 0.00961964526600522
"A2390519" 140.776 -37.09375 0.020034958010365 0.00465793085461067 0.0042159138592484 0.00593775683139686 0.00869788912983772 0.0548408663319202 0.132163034922797 0.324833616241209 0.284861759686794 0.124856614984482 0.0193981748290517 0.0155014843182871
"A2390523" 140.3622 -37.70343 0.0202498747786263 0.0147989250536721 0.0115801791796973 0.010115771540815 0.0097058500339695 0.0220138363230949 0.0973883454584341 0.25619146706667 0.296228242136598 0.15507321944362 0.0734159755804676 0.0332383134043353
"A2390531" 140.66024 -36.68875 0.0379363954891828 0.00561585824179108 0.00182558376465258 0.000600162690803407 7.08728009766073e-07 0.0724076696030907 0.191950122345019 0.252779219235193 0.299737401386012 0.109839375681556 0.00837737769383792 0.0189301251408518
"A5030502" 138.67337 -35.09913 0.00513620584680459 0.00355523631268052 0.00425483978519367 0.0163219299432223 0.0420044987016926 0.099588420680609 0.230103545243521 0.260369895565938 0.197129550479513 0.0915622678841282 0.0349741466331671 0.0149994629235303
"A5040517" 138.6808 -34.9708 0.0136035658219748 0.0123617663191535 0.0168636247782184 0.0216299123307762 0.035719475672074 0.0990717067506709 0.212531813245478 0.23910789530694 0.198464350312341 0.0886128173640725 0.0412172156858951 0.0208158564124054
"A5130501" 136.6983 -35.95375 0.00677432979558808 0.00169545311467694 0.00344797032098591 0.00543747776352297 0.0150348423505427 0.0746379832280625 0.214328723903432 0.29745739085598 0.212773655773872 0.105786216778099 0.0443569869551122 0.018268969160126
"G0010005" 137.01875 -20.0469 0.209210219425833 0.345471800320375 0.141298908871108 0.0169304194074956 0.0169126762112121 0.0014283060011954 0.00631883528875942 0.000130646247912376 0 0.000887354400418747 0.00914239855237895 0.252268435273311
"G0060005" 134.38063 -23.53375 0.236868240990632 0.209745403624164 0.139715100623728 0.103100840353035 0.06315560773066 0.0474700212469039 0.0470162609325399 0.0365107493157226 0.035328611664289 0.0312491403794874 0.0215576217137491 0.0282824014250902
"G8110016" 130.83885 -17.44865 0.243083376242218 0.404612369829597 0.235524898445199 0.0384178605078472 0.00330363540325984 0.000738773187901831 0.000869041411124867 4.67279482942364e-05 7.85414139484126e-05 0.000940990946480666 0.0107640815685158 0.0616197030956122
"G8140001" 132.2567 -14.4633 0.19242299081312 0.328611640344099 0.317736382346012 0.0738680224748849 0.011121760186268 0.00528488087075323 0.00331777023148122 0.00221170028323237 0.00163815953426693 0.00221718402679426 0.00586644088559989 0.0557030680034883
"G8140040" 130.73585 -13.83085 0.145644798807439 0.295466512526832 0.34829502874681 0.102469961793782 0.0200364584606989 0.0119446385906225 0.00956077358931735 0.00824355676790884 0.00732600058275786 0.00712945909395273 0.0095436592567495 0.0343391517831288
"G8140161" 131.1025 -13.7375 0.171690601981372 0.284810937986875 0.309093517843819 0.111570479437271 0.0298601298982929 0.0155813062105404 0.00971685965161925 0.00663794699793677 0.00498590895725614 0.00505646911171589 0.00926514846017787 0.0417306934631242
"G8150018" 131.07355 -12.60605 0.186720735333692 0.334042021677465 0.314293402735373 0.101911066865474 0.0160390452925728 0.0023158846678286 0.000315681911777715 3.33344525263298e-06 2.58269281433021e-07 0.000150264773605208 0.00100880929866861 0.0431994957290091
"G8170002" 131.1083 -13.24125 0.209507350742653 0.310457955761759 0.312876416426665 0.0722051087007686 0.0126771864474274 0.00530073968748818 0.00342321229147889 0.00227389670387841 0.00149764667172115 0.00352797949429713 0.0148183106034342 0.0514341964684293
"G8190001" 132.1739 -12.7911 0.173945642803627 0.383385980517838 0.300379588541414 0.115572215229408 0.00813705797452152 0.000856798865435142 0.000104727293025995 3.96784316175499e-06 0 0 0.000205709072515878 0.0174083118590532
"G8200045" 132.51955 -13.52455 0.238958239373439 0.3382093547645 0.26259868687207 0.059206896370583 0.00789092440692177 0.00351000070419078 0.00237200555647404 0.0018948126247263 0.00165646492160919 0.00218666754171795 0.0114335224416245 0.0700824244221425
"G8210010" 133.33235 -12.71735 0.209097052528459 0.351294895959447 0.276935221791047 0.0610370511058318 0.00771282255279874 0.00279094455773492 0.00148913837863261 0.000866142519358034 0.000602197375923934 0.0010063811631802 0.00750712604708455 0.079661026020502
"G9030124" 133.37375 -16.2598 0.155169832791517 0.503335083947907 0.258280126965437 0.0478546327875505 0.00102972306659912 0 0 0 0 0 0.0146736261813909 0.0196569742595978
"G9070142" 135.75625 -16.778 0.202772429899124 0.371642020999102 0.274075914995802 0.0771441887238005 0.0093396045066641 0.00586529181920483 0.00297174738980295 0.00179616566600454 0.00137740655547241 0.00253018342446482 0.00788858110031485 0.042596464920243
