1969 1
1969 2
1969 3
1969 4
1969 5
1969 6
1969 7
1969 8
1969 9
1969 10
1969 11
1969 12
1970 1
1970 2
1970 3
1970 4
1970 5
1970 6
1970 7
1970 8
1970 9
1970 10
1970 11
1970 12
1971 1
1971 2
1971 3
1971 4
1971 5
1971 6
1971 7
1971 8
1971 9
1971 10
1971 11
1971 12
1972 1
1972 2
1972 3
1972 4
1972 5
1972 6
1972 7
1972 8
1972 9
1972 10
1972 11
1972 12
1973 1
1973 2
1973 3
1973 4
1973 5
1973 6
1973 7
1973 8
1973 9
1973 10
1973 11
1973 12
1974 1
1974 2
1974 3
1974 4
1974 5
1974 6
1974 7
1974 8
1974 9
1974 10
1974 11
1974 12
1975 1
1975 2
1975 3
1975 4
1975 5
1975 6
1975 7
1975 8
1975 9
1975 10
1975 11
1975 12
1976 1
1976 2
1976 3
1976 4
1976 5
1976 6
1976 7
1976 8
1976 9
1976 10
1976 11
1976 12
1977 1
1977 2
1977 3
1977 4
1977 5
1977 6
1977 7
1977 8
1977 9
1977 10
1977 11
1977 12
1978 1
1978 2
1978 3
1978 4
1978 5
1978 6
1978 7
1978 8
1978 9
1978 10
1978 11
1978 12
1979 1
1979 2
1979 3
1979 4
1979 5
1979 6
1979 7
1979 8
1979 9
1979 10
1979 11
1979 12
1980 1
1980 2
1980 3
1980 4
1980 5
1980 6
1980 7
1980 8
1980 9
1980 10
1980 11
1980 12
1981 1
1981 2
1981 3
1981 4
1981 5
1981 6
1981 7
1981 8
1981 9
1981 10
1981 11
1981 12
1982 1
1982 2
1982 3
1982 4
1982 5
1982 6
1982 7
1982 8
1982 9
1982 10
1982 11
1982 12
1983 1
1983 2
1983 3
1983 4
1983 5
1983 6
1983 7
1983 8
1983 9
1983 10
1983 11
1983 12
1984 1
1984 2
1984 3
1984 4
1984 5
1984 6
1984 7
1984 8
1984 9
1984 10
1984 11
1984 12
1985 1
1985 2
1985 3
1985 4
1985 5
1985 6
1985 7
1985 8
1985 9
1985 10
1985 11
1985 12
1986 1
1986 2
1986 3
1986 4
1986 5
1986 6
1986 7
1986 8
1986 9
1986 10
1986 11
1986 12
1987 1
1987 2
1987 3
1987 4
1987 5
1987 6
1987 7
1987 8
1987 9
1987 10
1987 11
1987 12
1988 1
1988 2
1988 3
1988 4
1988 5
1988 6
1988 7
1988 8
1988 9
1988 10
1988 11
1988 12
1989 1
1989 2
1989 3
1989 4
1989 5
1989 6
1989 7
1989 8
1989 9
1989 10
1989 11
1989 12
1990 1
1990 2
1990 3
1990 4
1990 5
1990 6
1990 7
1990 8
1990 9
1990 10
1990 11
1990 12
1991 1
1991 2
1991 3
1991 4
1991 5
1991 6
1991 7
1991 8
1991 9
1991 10
1991 11
1991 12
1992 1
1992 2
1992 3
1992 4
1992 5
1992 6
1992 7
1992 8
1992 9
1992 10
1992 11
1992 12
1993 1
1993 2
1993 3
1993 4
1993 5
1993 6
1993 7
1993 8
1993 9
1993 10
1993 11
1993 12
1994 1
1994 2
1994 3
1994 4
1994 5
1994 6
1994 7
1994 8
1994 9
1994 10
1994 11
1994 12
1995 1
1995 2
1995 3
1995 4
1995 5
1995 6
1995 7
1995 8
1995 9
1995 10
1995 11
1995 12
1996 1
1996 2
1996 3
1996 4
1996 5
1996 6
1996 7
1996 8
1996 9
1996 10
1996 11
1996 12
1997 1
1997 2
1997 3
1997 4
1997 5
1997 6
1997 7
1997 8
1997 9
1997 10
1997 11
1997 12
1998 1
1998 2
1998 3
1998 4
1998 5
1998 6
1998 7
1998 8
1998 9
1998 10
1998 11
1998 12
1999 1
1999 2
1999 3
1999 4
1999 5
1999 6
1999 7
1999 8
1999 9
1999 10
1999 11
1999 12
2000 1
2000 2
2000 3
2000 4
2000 5
2000 6
2000 7
2000 8
2000 9
2000 10
2000 11
2000 12
2001 1
2001 2
2001 3
2001 4
2001 5
2001 6
2001 7
2001 8
2001 9
2001 10
2001 11
2001 12
2002 1
2002 2
2002 3
2002 4
2002 5
2002 6
2002 7
2002 8
2002 9
2002 10
2002 11
2002 12
2003 1
2003 2
2003 3
2003 4
2003 5
2003 6
2003 7
2003 8
2003 9
2003 10
2003 11
2003 12
2004 1
2004 2
2004 3
2004 4
2004 5
2004 6
2004 7
2004 8
2004 9
2004 10
2004 11
2004 12
2005 1
2005 2
2005 3
2005 4
2005 5
2005 6
2005 7
2005 8
2005 9
2005 10
2005 11
2005 12
2006 1
2006 2
2006 3
2006 4
2006 5
2006 6
2006 7
2006 8
2006 9
2006 10
2006 11
2006 12
2007 1
2007 2
2007 3
2007 4
2007 5
2007 6
2007 7
2007 8
2007 9
2007 10
2007 11
2007 12
2008 1
2008 2
2008 3
2008 4
2008 5
2008 6
2008 7
2008 8
2008 9
2008 10
2008 11
2008 12
2009 1
2009 2
2009 3
2009 4
2009 5
2009 6
2009 7
2009 8
2009 9
2009 10
2009 11
2009 12
2010 1
2010 2
2010 3
2010 4
2010 5
2010 6
2010 7
2010 8
2010 9
2010 10
2010 11
2010 12
2011 1
2011 2
2011 3
2011 4
2011 5
2011 6
2011 7
2011 8
2011 9
2011 10
2011 11
2011 12
2012 1
2012 2
2012 3
2012 4
2012 5
2012 6
2012 7
2012 8
2012 9
2012 10
2012 11
2012 12
2013 1
2013 2
2013 3
2013 4
2013 5
2013 6
2013 7
2013 8
2013 9
2013 10
2013 11
2013 12
2014 1
2014 2
2014 3
2014 4
2014 5
2014 6
2014 7
2014 8
2014 9
2014 10
2014 11
2014 12
